0 1
0 4
0 5
0 11
0 13
0 18
0 29
0 37
1 0
1 3
1 5
1 37
1 49
2 3
2 4
2 5
2 11
2 18
2 28
2 36
2 45
3 1
3 2
3 4
3 7
3 15
3 29
3 49
4 0
4 2
4 3
4 7
4 8
4 11
4 16
4 25
4 40
4 48
4 49
5 0
5 1
5 2
5 6
5 7
5 8
5 11
5 16
5 20
5 23
5 25
5 35
5 38
5 39
5 40
5 46
5 49
5 218
5 499
5 520
5 526
5 595
5 596
5 873
5 974
5 995
6 5
6 7
6 9
6 11
6 12
6 14
6 23
6 24
6 27
6 33
6 38
6 40
6 41
6 49
6 50
6 51
6 83
6 95
6 299
6 329
6 404
6 493
6 718
6 781
7 3
7 4
7 5
7 6
7 8
7 9
7 16
7 25
7 26
7 29
7 39
7 45
7 48
7 49
7 51
7 72
7 91
7 168
7 417
7 500
7 508
7 560
7 618
7 743
7 749
8 4
8 5
8 7
8 18
8 20
8 31
8 36
8 39
8 41
8 42
8 43
8 48
8 49
8 228
8 257
8 283
8 348
8 418
8 481
8 741
8 747
8 774
8 786
8 818
8 848
8 978
9 6
9 7
9 11
9 12
9 16
9 24
9 26
9 30
9 33
9 40
9 44
9 48
9 49
9 50
9 56
9 144
9 467
9 484
9 512
9 531
9 594
9 715
9 818
9 851
9 867
9 871
9 909
9 926
10 29
10 31
10 34
10 43
10 47
10 51
10 158
10 676
11 0
11 2
11 4
11 5
11 6
11 9
11 20
11 25
11 30
11 40
11 42
11 49
11 211
11 572
11 804
11 836
11 939
12 6
12 9
12 25
12 28
12 38
12 97
12 970
13 0
13 29
13 37
13 39
13 40
13 118
14 6
14 38
14 680
14 774
14 776
14 851
14 897
15 3
15 22
15 24
15 29
15 42
15 238
15 426
15 502
15 547
16 4
16 5
16 7
16 9
16 25
16 28
16 32
16 33
16 35
16 40
16 44
16 45
16 49
16 161
16 226
16 246
16 282
16 290
16 402
16 486
16 539
16 572
16 699
17 36
17 49
17 605
17 630
17 780
18 0
18 2
18 8
18 21
18 22
18 28
18 35
18 46
18 47
18 154
18 377
18 528
18 708
18 797
19 29
19 35
19 40
19 41
19 49
19 449
19 483
20 5
20 8
20 11
20 25
20 49
20 95
21 18
21 30
21 40
21 161
22 15
22 18
22 24
22 29
22 36
22 165
22 302
22 357
22 455
22 724
22 875
23 5
23 6
23 211
23 517
23 547
23 887
24 6
24 9
24 15
24 22
24 25
24 31
24 33
24 36
24 37
24 39
24 40
24 49
24 50
24 220
24 426
24 636
24 664
24 893
25 4
25 5
25 7
25 11
25 12
25 16
25 20
25 24
25 30
25 34
25 40
25 44
25 45
25 49
25 299
25 402
25 493
25 504
25 692
25 720
25 867
25 972
26 7
26 9
26 28
26 35
26 40
26 46
26 49
26 50
26 131
26 664
26 950
27 6
27 32
27 835
28 2
28 12
28 16
28 18
28 26
28 31
28 40
28 41
28 49
28 64
28 91
28 97
28 200
28 267
28 396
28 451
28 759
28 920
29 0
29 3
29 7
29 10
29 13
29 15
29 19
29 22
29 34
29 35
29 39
29 44
29 49
29 289
29 405
29 563
29 689
29 833
30 9
30 11
30 21
30 25
30 31
30 33
30 38
30 45
30 49
30 223
30 430
30 649
30 696
30 920
30 945
31 8
31 10
31 24
31 28
31 30
31 41
31 49
31 51
31 70
31 288
31 572
31 908
31 924
31 945
32 16
32 27
32 437
32 468
32 875
32 988
33 6
33 9
33 16
33 24
33 30
33 40
33 46
33 113
33 988
34 10
34 25
34 29
34 35
34 49
34 693
34 838
35 5
35 16
35 18
35 19
35 26
35 29
35 34
35 40
35 49
35 334
35 338
35 361
36 2
36 8
36 17
36 22
36 24
36 38
36 43
36 584
36 981
37 0
37 1
37 13
37 24
37 40
37 49
37 56
37 97
37 273
37 314
38 5
38 6
38 12
38 14
38 30
38 36
38 41
38 42
38 49
38 52
38 101
38 348
38 605
39 5
39 7
39 8
39 13
39 24
39 29
39 40
39 98
39 472
39 522
39 560
40 4
40 5
40 6
40 9
40 11
40 13
40 16
40 19
40 21
40 24
40 25
40 26
40 28
40 33
40 35
40 37
40 39
40 49
40 164
40 214
40 238
40 254
40 323
40 365
40 385
40 466
40 500
40 602
40 696
40 705
40 770
40 864
40 884
41 6
41 8
41 19
41 28
41 31
41 38
41 216
41 556
41 740
42 8
42 11
42 15
42 38
42 387
42 476
42 985
43 8
43 10
43 36
43 49
43 51
43 177
43 182
43 724
44 9
44 16
44 25
44 29
44 49
44 108
44 138
44 223
44 484
44 656
45 2
45 7
45 16
45 25
45 30
45 922
46 5
46 18
46 26
46 33
46 445
46 492
46 781
46 915
47 10
47 18
47 879
48 4
48 7
48 8
48 9
48 572
48 707
48 728
49 1
49 3
49 4
49 5
49 6
49 7
49 8
49 9
49 11
49 16
49 17
49 19
49 20
49 24
49 25
49 26
49 28
49 29
49 30
49 31
49 34
49 35
49 37
49 38
49 40
49 43
49 44
49 50
49 75
49 92
49 99
49 105
49 178
49 188
49 254
49 282
49 285
49 328
49 343
49 344
49 399
49 480
49 521
49 594
49 630
49 717
49 838
49 860
49 902
49 917
49 960
49 984
50 6
50 9
50 24
50 26
50 49
50 170
50 580
50 597
50 945
51 6
51 7
51 10
51 31
51 43
51 192
51 853
52 38
52 572
52 924
52 995
53 242
53 282
53 283
53 558
53 789
54 66
54 153
54 279
54 355
54 548
54 614
55 151
55 203
55 636
55 679
56 9
56 37
56 69
56 81
56 103
56 109
56 115
56 131
56 151
56 163
56 215
56 282
56 327
56 412
56 495
56 544
56 561
56 571
56 643
56 922
56 942
56 944
57 81
57 233
57 327
57 553
57 709
57 833
57 850
58 312
58 489
58 733
58 925
58 952
59 232
59 337
60 62
60 164
60 270
60 863
60 905
60 920
61 287
61 594
61 632
61 796
62 60
62 126
62 525
62 561
62 584
62 726
62 810
63 116
63 189
63 468
63 497
63 989
64 28
64 81
64 146
64 362
64 400
64 415
64 423
64 428
64 446
64 544
64 547
64 716
64 797
64 810
64 929
64 933
64 965
65 345
65 578
65 948
65 975
65 985
66 54
66 81
66 241
66 424
66 435
66 454
66 491
66 563
66 624
66 920
67 571
67 636
67 738
67 818
68 294
68 512
68 547
68 781
68 818
69 56
69 82
69 257
69 272
69 436
69 446
69 459
69 682
69 733
69 759
69 833
69 957
69 995
70 31
70 112
70 217
70 414
70 538
70 620
71 786
71 810
72 7
72 82
72 160
72 435
72 753
72 926
74 92
74 107
74 256
74 452
74 491
74 943
75 49
75 101
75 122
75 146
75 240
75 881
76 91
76 426
76 489
76 558
76 608
76 625
76 805
76 817
77 211
77 214
77 241
77 299
77 335
77 538
77 556
77 611
77 875
77 975
77 990
78 172
78 215
78 416
78 551
78 620
78 781
78 783
78 807
78 870
78 887
78 919
79 142
79 446
79 590
79 696
79 759
80 122
80 192
80 336
80 415
80 975
81 56
81 57
81 64
81 66
81 87
81 91
81 94
81 157
81 160
81 169
81 200
81 223
81 246
81 285
81 292
81 314
81 329
81 344
81 362
81 376
81 406
81 411
81 423
81 426
81 446
81 449
81 466
81 467
81 468
81 485
81 491
81 498
81 510
81 563
81 565
81 590
81 606
81 621
81 644
81 668
81 693
81 759
81 797
81 798
81 813
81 828
81 834
81 847
81 905
81 910
81 930
81 944
81 945
81 972
81 973
81 975
81 993
82 69
82 72
82 91
82 190
82 446
82 547
82 721
82 735
82 840
82 850
82 922
82 942
83 6
83 255
83 300
83 305
83 347
83 501
83 524
83 526
83 546
83 652
83 673
83 797
83 833
83 893
83 988
84 204
84 450
84 507
84 998
85 112
85 399
85 843
85 925
86 233
86 272
86 374
86 430
86 548
86 630
86 694
86 920
86 975
87 81
87 572
88 529
88 887
89 395
89 529
89 563
89 611
89 719
90 204
90 241
90 291
90 354
90 523
90 643
90 723
90 732
90 772
91 7
91 28
91 76
91 81
91 82
91 93
91 102
91 112
91 118
91 121
91 151
91 170
91 182
91 200
91 214
91 217
91 228
91 236
91 237
91 242
91 246
91 270
91 274
91 305
91 323
91 332
91 341
91 371
91 372
91 399
91 403
91 455
91 466
91 484
91 487
91 499
91 503
91 504
91 506
91 527
91 538
91 548
91 558
91 560
91 575
91 602
91 670
91 676
91 693
91 701
91 722
91 737
91 759
91 799
91 818
91 854
91 856
91 892
91 899
91 904
91 918
91 975
91 985
91 991
91 995
92 49
92 74
92 97
92 202
92 239
92 330
92 426
92 482
92 499
92 563
92 566
92 572
92 573
92 726
92 805
92 933
92 993
93 91
93 97
93 475
93 696
93 788
94 81
94 267
94 279
94 550
94 743
94 974
95 6
95 20
95 272
95 720
95 966
95 993
96 265
96 335
96 454
96 675
96 761
96 864
96 941
97 12
97 28
97 37
97 92
97 93
97 112
97 121
97 135
97 141
97 151
97 221
97 238
97 243
97 282
97 285
97 351
97 401
97 415
97 438
97 466
97 491
97 524
97 527
97 619
97 631
97 656
97 681
97 693
97 696
97 733
97 738
97 749
97 751
97 782
97 797
97 802
97 828
97 839
97 848
97 875
97 878
97 884
97 899
97 964
97 995
98 39
98 136
98 156
98 305
98 342
98 351
98 360
98 426
98 459
98 480
98 498
98 534
98 571
98 599
98 695
98 701
98 744
98 752
98 862
98 976
98 992
99 49
99 194
99 212
99 563
99 895
100 289
100 362
100 370
100 444
101 38
101 75
101 132
101 379
101 436
101 661
101 678
102 91
102 110
102 280
102 401
102 480
102 630
102 718
102 723
102 946
103 56
103 137
103 175
103 183
103 222
103 257
103 265
103 276
103 361
103 850
104 476
104 495
104 547
104 566
104 583
105 49
105 593
105 733
105 797
105 953
106 493
106 636
107 74
107 195
107 266
107 301
107 450
107 593
107 594
107 696
107 844
107 848
107 857
108 44
108 157
108 485
108 603
108 658
109 56
109 181
109 269
109 356
109 446
109 466
109 772
109 788
109 875
109 915
109 962
110 102
110 195
110 257
110 276
110 308
110 324
110 365
110 391
110 392
111 574
111 595
111 797
112 70
112 85
112 91
112 97
112 187
112 295
112 375
112 585
112 873
112 887
113 33
113 192
113 257
113 285
113 330
113 387
113 715
113 826
114 120
114 349
114 767
114 800
114 845
115 56
115 143
115 157
115 238
115 418
115 720
115 856
115 968
116 63
116 243
116 742
117 333
117 349
117 374
117 419
117 592
117 647
117 771
117 855
118 13
118 91
118 163
118 165
118 198
118 267
118 298
118 395
118 427
118 480
118 504
118 514
118 527
118 630
118 688
118 696
118 755
118 797
118 804
118 947
118 988
119 180
119 461
119 518
119 527
119 646
119 713
119 934
120 114
120 455
120 466
120 773
120 869
120 984
121 91
121 97
121 182
121 535
121 689
121 749
121 894
122 75
122 80
122 350
122 530
122 704
122 712
122 875
123 257
123 572
123 630
123 632
123 922
123 982
124 131
124 733
125 411
125 517
125 647
125 833
126 62
126 177
126 605
126 980
127 160
127 801
129 321
129 468
129 558
129 632
129 696
129 908
130 215
130 628
130 698
131 26
131 56
131 124
131 204
131 305
131 347
131 524
131 781
131 925
132 101
132 182
132 191
132 192
132 236
132 283
132 285
132 338
132 346
132 431
132 563
132 602
132 620
132 649
132 709
132 747
132 759
132 764
132 788
132 879
132 899
132 935
132 949
132 952
133 453
133 538
133 571
133 594
133 893
134 275
134 325
134 778
135 97
135 141
135 466
135 542
135 577
135 593
135 659
135 995
136 98
136 211
136 215
136 687
136 833
137 103
137 446
137 490
137 796
137 962
137 969
138 44
138 176
138 234
138 325
138 969
138 975
139 180
139 223
139 285
139 534
139 568
139 876
139 899
140 172
140 257
140 427
140 547
140 649
140 699
140 732
140 741
140 881
141 97
141 135
141 322
141 435
141 455
141 922
141 945
142 79
142 245
142 255
142 318
143 115
143 401
143 572
143 597
143 603
144 9
144 423
144 601
144 749
144 761
144 827
144 849
144 921
144 993
145 199
145 304
145 387
145 563
145 564
145 639
145 696
145 710
146 64
146 75
146 241
146 285
146 287
146 347
146 578
146 803
146 950
147 283
147 435
147 835
147 925
148 223
148 305
149 544
149 607
149 706
149 871
149 985
150 238
150 542
150 835
150 846
150 851
150 908
150 974
151 55
151 56
151 91
151 97
151 194
151 215
151 217
151 223
151 246
151 263
151 304
151 344
151 426
151 451
151 463
151 492
151 522
151 537
151 558
151 569
151 572
151 586
151 590
151 593
151 611
151 613
151 616
151 636
151 654
151 666
151 718
151 765
151 771
151 774
151 788
151 810
151 932
151 943
152 178
152 299
152 625
152 718
152 887
152 975
152 983
153 54
153 184
153 343
153 594
154 18
154 540
154 679
154 847
155 223
155 257
155 975
156 98
156 317
156 477
156 604
156 876
157 81
157 108
157 115
157 334
157 378
157 502
157 759
158 10
158 161
158 182
158 207
158 342
158 380
158 454
158 693
158 960
159 237
159 435
159 445
159 446
159 482
159 816
159 819
159 845
159 850
159 897
159 911
160 72
160 81
160 127
160 188
160 211
160 385
160 470
160 535
160 555
160 581
160 602
160 630
160 638
160 715
160 783
160 807
160 838
160 950
160 993
161 16
161 21
161 158
161 233
161 466
161 593
161 602
161 715
161 766
161 826
161 960
161 995
162 282
162 418
162 527
162 887
163 56
163 118
163 361
163 899
163 946
164 40
164 60
164 182
164 298
164 736
164 780
164 811
165 22
165 118
165 462
165 553
165 654
165 806
165 833
165 875
166 257
166 593
166 696
166 783
166 850
166 928
167 203
167 246
167 426
167 481
167 658
167 807
168 7
168 170
168 774
168 797
168 838
168 918
169 81
169 178
169 192
169 213
169 246
169 415
169 417
169 459
169 466
169 477
169 563
169 595
169 932
170 50
170 91
170 168
170 197
170 817
171 506
171 597
171 841
172 78
172 140
172 823
173 292
173 305
173 804
174 249
174 367
174 612
175 103
175 281
175 897
175 904
176 138
176 182
176 305
176 372
176 378
177 43
177 126
177 197
177 223
177 238
177 242
177 298
177 369
177 448
177 563
177 698
177 791
177 962
177 995
178 49
178 152
178 169
178 283
178 582
178 656
178 975
179 275
179 558
179 836
179 988
180 119
180 139
180 325
180 372
180 516
180 630
180 652
180 929
181 109
181 348
181 644
181 669
181 954
182 43
182 91
182 121
182 132
182 158
182 164
182 176
182 200
182 209
182 215
182 234
182 257
182 265
182 287
182 305
182 314
182 328
182 330
182 396
182 398
182 432
182 446
182 447
182 468
182 471
182 521
182 522
182 535
182 571
182 578
182 630
182 701
182 730
182 778
182 781
182 787
182 797
182 828
182 833
182 850
182 854
182 867
182 870
182 911
182 922
182 988
182 990
183 103
183 241
183 436
184 153
184 259
184 354
184 377
184 400
184 491
184 696
185 228
185 242
185 446
185 495
185 593
185 610
185 694
186 305
186 591
186 595
186 798
186 875
186 885
187 112
187 280
187 435
187 467
187 593
187 759
187 767
188 49
188 160
188 301
188 335
188 844
189 63
189 335
189 773
189 850
189 932
190 82
190 272
190 282
190 370
190 762
190 900
191 132
191 752
191 804
191 919
192 51
192 80
192 113
192 132
192 169
192 236
192 318
192 323
192 455
192 582
192 595
192 636
192 754
192 813
192 867
192 875
192 895
193 239
193 257
193 306
193 312
193 358
193 359
193 468
193 554
193 560
193 593
193 619
193 694
193 828
193 875
193 921
193 931
194 99
194 151
194 214
194 226
194 260
194 264
194 270
194 276
194 323
194 391
194 455
194 468
194 501
194 593
194 630
194 678
194 680
194 715
194 756
194 791
194 803
194 858
194 876
194 927
194 964
195 107
195 110
195 462
195 471
195 483
195 578
195 583
195 584
195 701
195 891
196 257
196 369
196 593
196 780
197 170
197 177
197 314
197 845
198 118
198 446
198 480
198 547
198 869
198 920
199 145
199 221
199 341
199 390
199 452
199 649
199 693
199 715
199 730
199 774
199 781
200 28
200 81
200 91
200 182
200 435
200 572
200 593
200 830
200 849
200 897
200 962
201 218
201 233
201 625
201 693
201 759
201 882
201 937
202 92
202 411
202 593
202 701
202 739
202 757
202 881
202 913
203 55
203 167
203 241
203 246
203 351
203 549
203 751
203 833
204 84
204 90
204 131
204 305
204 332
204 344
204 474
204 481
204 594
204 643
204 653
204 993
205 266
205 749
205 945
205 995
206 231
206 446
206 737
207 158
207 435
207 563
207 624
207 838
207 842
207 847
207 975
208 218
208 529
208 593
208 644
208 688
208 701
208 781
208 875
208 953
208 958
209 182
209 507
209 573
209 675
210 365
210 553
210 593
210 894
210 947
211 11
211 23
211 77
211 136
211 160
211 305
211 362
211 479
211 648
211 696
211 801
211 920
211 929
211 975
212 99
212 215
212 274
212 350
212 468
212 781
212 944
212 995
213 169
213 730
214 40
214 77
214 91
214 194
214 583
214 791
214 930
214 972
215 56
215 78
215 130
215 136
215 151
215 182
215 212
215 220
215 263
215 285
215 332
215 343
215 348
215 398
215 417
215 485
215 513
215 518
215 533
215 668
215 696
215 715
215 716
215 798
215 875
215 887
215 896
215 915
215 985
216 41
216 242
216 358
216 435
216 572
217 70
217 91
217 151
217 270
217 492
218 5
218 201
218 208
218 445
218 449
218 527
218 875
219 276
219 354
219 358
219 473
219 581
219 645
219 742
220 24
220 215
220 305
220 328
220 474
220 497
220 514
220 975
221 97
221 199
221 446
221 467
221 606
221 732
221 809
221 811
221 842
221 870
221 914
222 103
222 309
222 421
222 500
222 532
222 862
222 964
223 30
223 44
223 81
223 139
223 148
223 151
223 155
223 177
223 267
223 270
223 277
223 305
223 314
223 330
223 435
223 456
223 474
223 547
223 572
223 611
223 646
223 684
223 691
223 718
223 731
223 739
223 754
223 801
223 810
223 914
223 967
223 980
223 991
224 243
224 449
224 544
224 969
225 728
225 887
225 964
226 16
226 194
226 237
226 572
226 663
226 708
226 858
227 447
227 816
228 8
228 91
228 185
228 231
228 797
228 955
229 257
229 435
229 436
230 369
230 386
231 206
231 228
231 232
231 280
231 308
231 491
231 512
231 550
231 553
231 602
231 618
231 634
231 759
231 762
231 831
231 851
231 970
231 978
231 988
232 59
232 231
232 452
232 913
233 57
233 86
233 161
233 201
233 437
233 547
233 677
233 804
233 875
233 896
233 963
233 975
234 138
234 182
234 238
234 301
234 677
234 877
235 349
235 426
235 485
235 528
235 811
235 987
236 91
236 132
236 192
236 307
236 314
236 361
236 419
236 563
236 569
236 602
236 605
236 693
236 724
236 743
236 762
236 804
236 827
236 869
236 898
236 899
236 961
236 988
236 993
237 91
237 159
237 226
237 238
237 608
237 727
237 728
238 15
238 40
238 97
238 115
238 150
238 177
238 234
238 237
238 285
238 409
238 412
238 464
238 480
238 492
238 547
238 623
238 718
238 829
238 849
238 974
239 92
239 193
239 351
239 572
239 708
239 988
240 75
240 302
240 305
240 467
240 647
240 718
240 755
240 993
241 66
241 77
241 90
241 146
241 183
241 203
241 242
241 259
241 269
241 275
241 429
241 534
241 590
241 974
241 993
242 53
242 91
242 177
242 185
242 216
242 241
242 268
242 282
242 290
242 300
242 320
242 333
242 341
242 349
242 373
242 413
242 437
242 455
242 472
242 488
242 505
242 512
242 527
242 548
242 565
242 614
242 771
242 779
242 875
242 935
242 972
242 992
242 994
243 97
243 116
243 224
243 341
243 411
243 455
243 497
243 628
243 664
243 784
243 808
243 868
243 870
243 926
243 960
244 366
244 703
244 990
245 142
245 601
245 731
245 779
246 16
246 81
246 91
246 151
246 167
246 169
246 203
246 399
246 438
246 482
246 563
246 565
246 590
246 618
246 643
246 660
246 759
246 816
246 957
247 353
247 494
247 698
247 797
247 803
247 857
247 892
247 914
248 301
248 305
248 560
248 584
248 637
248 685
248 930
249 174
249 446
249 727
249 971
250 465
250 563
250 636
250 798
250 908
250 915
251 576
251 882
252 309
252 353
252 505
252 537
252 867
252 958
253 315
253 674
253 879
254 40
254 49
254 537
254 572
254 641
254 866
254 887
255 83
255 142
255 314
255 495
255 525
256 74
256 309
256 332
256 392
256 446
256 593
256 697
256 894
257 8
257 69
257 103
257 110
257 113
257 123
257 140
257 155
257 166
257 182
257 193
257 196
257 229
257 267
257 278
257 283
257 343
257 369
257 403
257 480
257 593
257 693
257 719
257 725
257 772
257 855
257 921
258 496
258 741
258 804
259 184
259 241
259 359
259 426
259 456
259 466
259 641
259 771
260 194
260 563
260 712
260 746
260 865
261 341
261 446
261 512
261 515
261 988
262 572
262 876
263 151
263 215
263 310
263 422
263 660
263 851
264 194
264 404
264 423
264 455
264 527
264 543
264 545
264 570
264 681
264 744
264 811
264 875
264 893
265 96
265 103
265 182
265 325
265 505
265 527
265 782
266 107
266 205
266 285
266 377
266 426
266 480
266 716
266 787
266 797
266 908
267 28
267 94
267 118
267 223
267 257
267 275
267 297
267 314
267 391
267 422
267 435
267 436
267 440
267 459
267 488
267 522
267 530
267 542
267 648
267 720
267 783
267 813
267 871
267 893
267 958
267 960
267 994
268 242
268 346
268 500
268 874
268 917
269 109
269 241
269 388
269 467
269 724
269 803
269 994
270 60
270 91
270 194
270 217
270 223
270 417
270 426
270 452
270 544
270 563
270 636
270 833
270 875
270 904
270 960
271 753
271 799
271 960
272 69
272 86
272 95
272 190
272 283
272 404
272 559
273 37
273 468
273 610
273 641
273 660
273 808
273 966
273 975
273 985
274 91
274 212
274 434
274 882
274 928
275 134
275 179
275 241
275 267
275 305
275 383
275 399
275 431
275 471
275 830
275 876
275 929
276 103
276 110
276 194
276 219
276 298
276 327
276 616
276 899
277 223
277 636
277 908
277 993
278 257
278 318
278 879
278 994
279 54
279 94
279 404
279 479
279 594
279 624
279 721
279 781
279 813
279 838
279 866
279 899
279 945
280 102
280 187
280 231
280 283
280 298
280 442
280 488
280 547
280 622
280 679
280 696
280 717
280 992
281 175
281 330
281 349
281 864
281 975
282 16
282 49
282 53
282 56
282 97
282 162
282 190
282 242
282 323
282 431
282 440
282 467
282 517
282 544
282 563
282 635
282 659
282 696
282 748
282 759
282 923
282 947
282 953
282 993
283 8
283 53
283 132
283 147
283 178
283 257
283 272
283 280
283 298
283 305
283 347
283 363
283 389
283 468
283 563
283 567
283 572
283 594
283 629
283 630
283 648
283 724
283 761
283 850
283 870
283 931
283 938
283 975
284 353
284 511
284 608
285 49
285 81
285 97
285 113
285 132
285 139
285 146
285 215
285 238
285 266
285 291
285 298
285 305
285 314
285 317
285 323
285 341
285 344
285 390
285 396
285 457
285 466
285 475
285 515
285 546
285 640
285 695
285 696
285 739
285 743
285 780
285 802
285 818
285 851
285 973
285 988
286 781
287 61
287 146
287 182
287 409
287 882
288 31
288 475
288 584
288 632
288 761
288 811
288 843
288 993
289 29
289 100
289 848
289 991
290 16
290 242
290 459
290 696
290 995
291 90
291 285
291 302
291 344
291 777
292 81
292 173
292 396
292 465
292 495
292 572
292 781
292 809
293 298
293 781
294 68
294 505
294 610
294 628
294 793
294 810
294 889
295 112
295 330
295 343
295 467
295 636
296 431
296 555
296 584
296 759
297 267
297 426
297 652
297 820
297 844
298 118
298 164
298 177
298 276
298 280
298 283
298 285
298 293
298 305
298 423
298 446
298 531
298 561
298 610
298 624
298 735
298 762
298 833
298 871
298 922
298 937
298 939
299 6
299 25
299 77
299 152
299 404
299 671
300 83
300 242
300 696
300 909
300 966
300 979
301 107
301 188
301 234
301 248
301 348
301 466
301 468
301 816
302 22
302 240
302 291
302 311
302 314
302 369
302 425
302 435
302 446
302 457
302 693
302 806
302 993
303 416
303 804
304 145
304 151
304 390
304 431
304 558
304 741
305 83
305 91
305 98
305 131
305 148
305 173
305 176
305 182
305 186
305 204
305 211
305 220
305 223
305 240
305 248
305 275
305 283
305 285
305 298
305 356
305 404
305 411
305 431
305 436
305 466
305 467
305 529
305 537
305 538
305 547
305 561
305 592
305 593
305 594
305 608
305 696
305 701
305 711
305 717
305 751
305 763
305 789
305 797
305 801
305 803
305 810
305 841
305 848
305 850
305 868
305 899
305 926
305 945
305 948
305 955
305 975
305 993
306 193
306 349
306 393
306 606
306 895
307 236
307 446
307 539
307 705
307 804
307 818
308 110
308 231
308 811
309 222
309 252
309 256
309 450
309 500
309 769
309 832
309 968
310 263
310 523
310 696
310 707
311 302
311 477
311 532
312 58
312 193
312 436
312 438
312 551
312 665
312 759
312 945
313 369
313 439
313 529
313 793
314 37
314 81
314 182
314 197
314 223
314 236
314 255
314 267
314 285
314 302
314 330
314 426
314 436
314 450
314 455
314 468
314 517
314 593
314 647
314 648
314 708
314 771
314 794
314 819
314 839
314 875
314 960
315 253
315 380
315 483
315 759
315 761
315 960
316 535
316 593
316 610
316 784
317 156
317 285
317 353
317 547
317 811
317 920
317 945
318 142
318 192
318 278
318 325
318 343
318 446
318 577
318 833
318 862
318 910
318 939
319 357
319 385
319 601
319 604
319 774
320 242
320 411
320 434
320 584
320 641
320 691
320 702
320 813
320 920
320 952
321 129
321 467
321 884
322 141
322 691
322 821
322 854
322 970
323 40
323 91
323 192
323 194
323 282
323 285
323 378
323 409
323 611
323 617
323 636
323 714
323 809
323 895
323 919
324 110
324 348
324 407
324 429
324 455
324 469
324 548
324 594
324 637
325 134
325 138
325 180
325 265
325 318
325 426
325 431
325 436
325 467
325 502
325 607
325 608
325 761
325 827
325 985
325 995
326 588
326 755
326 781
326 879
326 901
327 56
327 57
327 276
327 475
327 781
327 835
328 49
328 182
328 220
328 560
328 630
329 6
329 81
329 578
329 869
330 92
330 113
330 182
330 223
330 281
330 295
330 314
330 348
330 362
330 415
330 491
330 547
330 563
330 582
330 617
330 619
330 654
330 693
330 750
330 813
330 922
330 964
331 517
331 811
332 91
332 204
332 215
332 256
332 449
332 499
332 724
332 733
332 938
333 117
333 242
333 438
334 35
334 157
334 451
334 488
334 575
334 583
334 584
334 602
334 659
334 702
334 733
334 761
334 904
334 955
335 77
335 96
335 188
335 189
335 631
335 745
335 833
335 852
335 876
335 919
335 988
336 80
336 488
336 595
336 612
337 59
338 35
338 132
338 467
338 650
338 704
338 750
338 865
338 895
338 947
338 975
339 441
339 597
339 733
340 489
340 592
340 868
340 870
341 91
341 199
341 242
341 243
341 261
341 285
341 387
341 397
341 464
341 483
341 589
341 618
341 673
341 720
341 863
341 985
341 990
341 994
342 98
342 158
342 497
342 945
343 49
343 153
343 215
343 257
343 295
343 318
343 360
343 369
343 435
343 759
343 922
343 972
343 994
344 49
344 81
344 151
344 204
344 285
344 291
344 382
344 450
344 458
344 477
344 624
344 689
344 703
344 763
344 800
344 801
344 819
344 878
344 960
344 975
344 994
345 65
345 719
346 132
346 268
346 385
346 426
346 466
346 517
346 545
346 611
346 711
346 774
346 780
346 859
346 955
347 83
347 131
347 146
347 283
347 774
347 834
347 835
347 855
348 8
348 38
348 181
348 215
348 301
348 324
348 330
348 369
348 389
348 396
348 398
348 434
348 467
348 551
348 631
348 694
348 738
348 759
348 771
348 772
348 775
348 776
348 785
348 807
348 811
348 819
348 871
348 874
348 875
348 945
348 995
349 114
349 117
349 235
349 242
349 281
349 306
349 426
349 467
349 507
349 753
349 835
349 922
350 122
350 212
350 398
350 593
350 993
350 998
351 97
351 98
351 203
351 239
351 446
351 457
351 513
351 524
351 538
351 594
351 610
351 615
351 944
351 995
352 371
352 696
352 803
353 247
353 252
353 284
353 317
353 435
353 437
353 446
353 458
353 483
353 865
353 931
354 90
354 184
354 219
354 593
354 813
354 874
354 906
354 914
354 925
355 54
355 435
355 436
355 958
356 109
356 305
356 449
356 700
356 701
357 22
357 319
357 602
357 781
357 875
357 890
357 907
358 193
358 216
358 219
358 521
358 943
358 951
359 193
359 259
359 408
359 435
359 483
359 746
359 815
360 98
360 343
360 676
360 786
360 805
361 35
361 103
361 163
361 236
361 418
361 805
362 64
362 81
362 100
362 211
362 330
363 283
363 863
364 449
364 985
365 40
365 110
365 210
365 519
365 696
365 730
365 739
365 771
365 843
365 922
365 950
365 995
366 244
366 847
366 938
367 174
367 416
367 503
367 618
367 810
367 965
368 412
368 525
368 818
368 895
369 177
369 196
369 230
369 257
369 302
369 313
369 343
369 348
369 436
369 472
369 544
369 656
369 683
369 803
369 839
370 100
370 190
370 707
370 806
370 852
370 952
371 91
371 352
371 460
371 511
371 539
371 593
371 774
371 832
371 851
371 871
371 922
371 969
372 91
372 176
372 180
372 426
372 435
372 554
372 599
372 646
372 696
372 834
372 840
372 875
372 966
373 242
373 517
373 847
373 979
374 86
374 117
374 850
374 957
374 962
375 112
375 466
375 594
375 698
375 823
375 902
375 975
375 991
376 81
376 738
377 18
377 184
377 266
377 542
377 593
377 774
377 893
377 960
378 157
378 176
378 323
378 386
378 480
379 101
379 595
380 158
380 315
380 503
380 563
380 594
380 610
380 618
380 776
380 803
381 446
381 606
381 638
381 657
381 759
381 790
381 842
381 897
382 344
382 527
382 781
382 857
382 931
383 275
383 390
383 537
383 547
383 672
384 404
384 467
384 661
384 945
385 40
385 160
385 319
385 346
385 523
385 797
386 230
386 378
386 538
386 616
386 687
386 733
386 783
386 875
386 957
386 988
387 42
387 113
387 145
387 341
387 413
387 437
387 572
387 593
387 760
387 780
387 815
387 920
388 269
388 402
388 458
388 501
388 759
388 802
388 807
389 283
389 348
389 469
390 199
390 285
390 304
390 383
390 407
391 110
391 194
391 267
391 483
391 515
391 525
391 618
391 696
391 707
391 786
391 803
391 819
392 110
392 256
392 995
393 306
393 580
393 810
394 563
394 568
395 89
395 118
395 572
395 671
396 28
396 182
396 285
396 292
396 348
396 420
396 608
396 645
396 704
396 992
397 341
397 674
397 696
397 759
397 793
397 797
397 882
398 182
398 215
398 348
398 350
398 411
398 452
398 563
398 610
399 49
399 85
399 91
399 246
399 275
400 64
400 184
400 446
400 636
400 721
400 968
400 984
401 97
401 102
401 143
401 474
401 532
401 985
402 16
402 25
402 388
402 446
402 593
402 801
402 880
402 961
403 91
403 257
403 960
403 968
404 6
404 264
404 272
404 279
404 299
404 305
404 384
404 578
404 715
404 730
404 887
405 29
405 544
405 797
406 81
406 436
406 446
406 542
406 559
406 584
406 715
406 790
406 857
407 324
407 390
407 630
408 359
408 633
409 238
409 287
409 323
409 742
409 936
409 974
409 995
410 446
410 526
410 745
410 875
411 81
411 125
411 202
411 243
411 305
411 320
411 398
411 482
411 510
411 547
411 563
411 594
411 717
411 733
411 787
411 803
411 815
411 854
411 856
411 880
412 56
412 238
412 368
412 619
412 838
413 242
413 387
413 442
413 446
413 678
413 875
413 927
414 70
414 594
415 64
415 80
415 97
415 169
415 330
415 543
415 722
416 78
416 303
416 367
416 480
416 495
416 672
416 696
416 741
416 802
417 7
417 169
417 215
417 270
417 447
417 469
417 638
417 694
417 731
417 823
417 833
417 922
418 8
418 115
418 162
418 361
418 537
418 777
418 963
419 117
419 236
419 974
420 396
420 593
420 834
421 222
421 449
421 771
421 803
422 263
422 267
422 617
423 64
423 81
423 144
423 264
423 298
423 479
423 843
423 851
423 988
424 66
424 595
424 733
424 802
424 995
425 302
426 15
426 24
426 76
426 81
426 92
426 98
426 151
426 167
426 235
426 259
426 266
426 270
426 297
426 314
426 325
426 346
426 349
426 372
426 437
426 446
426 512
426 543
426 551
426 553
426 624
426 627
426 690
426 693
426 696
426 713
426 726
426 748
426 757
426 771
426 797
426 813
426 899
426 928
426 929
426 945
426 962
426 968
426 975
426 993
427 118
427 140
427 582
427 630
427 875
428 64
428 455
428 947
429 241
429 324
429 853
430 30
430 86
430 678
430 686
430 774
430 890
431 132
431 275
431 282
431 296
431 304
431 305
431 325
431 468
431 548
431 551
431 586
431 696
431 813
431 843
431 981
431 993
432 182
432 975
433 582
433 643
434 274
434 320
434 348
434 733
434 769
435 66
435 72
435 141
435 147
435 159
435 187
435 200
435 207
435 216
435 223
435 229
435 267
435 302
435 343
435 353
435 355
435 359
435 372
435 443
435 466
435 485
435 538
435 561
435 572
435 578
435 621
435 692
435 741
435 766
435 793
435 797
435 801
435 823
435 864
435 918
435 922
435 926
435 930
435 979
435 994
435 995
436 69
436 101
436 183
436 229
436 267
436 305
436 312
436 314
436 325
436 355
436 369
436 406
436 657
436 798
436 850
436 935
437 32
437 233
437 242
437 353
437 387
437 426
437 457
437 958
437 981
438 97
438 246
438 312
438 333
438 566
438 628
438 696
438 724
438 746
438 814
438 822
438 879
439 313
439 759
439 930
440 267
440 282
440 775
440 927
440 960
441 339
441 493
441 931
441 949
441 974
442 280
442 413
443 435
443 563
443 737
444 100
444 597
444 794
445 46
445 159
445 218
445 759
445 822
446 64
446 69
446 79
446 81
446 82
446 109
446 137
446 159
446 182
446 185
446 198
446 206
446 221
446 249
446 256
446 261
446 298
446 302
446 307
446 318
446 351
446 353
446 381
446 400
446 402
446 406
446 410
446 413
446 426
446 447
446 455
446 456
446 462
446 467
446 501
446 520
446 523
446 566
446 574
446 581
446 593
446 610
446 621
446 628
446 630
446 631
446 664
446 696
446 699
446 704
446 724
446 756
446 759
446 761
446 781
446 790
446 792
446 794
446 795
446 799
446 826
446 831
446 843
446 851
446 857
446 864
446 916
446 922
446 995
447 182
447 227
447 417
447 446
447 527
447 879
447 965
448 177
448 494
448 931
448 936
449 19
449 81
449 218
449 224
449 332
449 356
449 364
449 421
449 568
449 608
449 619
449 723
449 759
449 828
450 84
450 107
450 309
450 314
450 344
450 706
450 733
450 897
450 921
451 28
451 151
451 334
451 691
451 781
452 74
452 199
452 232
452 270
452 398
452 571
452 693
452 913
453 133
453 467
453 563
453 606
453 868
454 66
454 96
454 158
454 704
454 869
454 947
455 22
455 91
455 120
455 141
455 192
455 194
455 242
455 243
455 264
455 314
455 324
455 428
455 446
455 546
455 584
455 629
455 633
455 648
455 693
455 699
455 729
455 797
456 223
456 259
456 446
456 497
456 595
456 598
456 637
456 649
456 868
456 917
456 945
456 975
457 285
457 302
457 351
457 437
457 474
457 525
457 551
457 833
457 983
458 344
458 353
458 388
458 597
458 768
458 850
458 970
459 69
459 98
459 169
459 267
459 290
459 578
459 582
459 875
459 922
460 371
460 512
460 766
460 858
460 944
460 979
461 119
461 488
461 562
461 708
461 710
461 803
462 165
462 195
462 446
462 651
462 696
462 806
463 151
463 862
463 962
464 238
464 341
464 469
464 798
464 951
464 965
464 993
464 995
465 250
465 292
465 877
466 40
466 81
466 91
466 97
466 109
466 120
466 135
466 161
466 169
466 259
466 285
466 301
466 305
466 346
466 375
466 435
466 473
466 516
466 531
466 563
466 569
466 572
466 593
466 631
466 656
466 702
466 732
466 762
466 764
466 781
466 811
466 840
466 850
467 9
467 81
467 187
467 221
467 240
467 269
467 282
467 295
467 305
467 321
467 325
467 338
467 348
467 349
467 384
467 446
467 453
467 485
467 534
467 542
467 545
467 625
467 733
467 772
467 850
467 857
467 859
467 890
467 945
467 946
467 990
467 993
468 32
468 63
468 81
468 129
468 182
468 193
468 194
468 212
468 273
468 283
468 301
468 314
468 431
468 483
468 505
468 519
468 525
468 544
468 593
468 724
468 733
468 741
468 746
468 783
468 798
468 835
468 920
469 324
469 389
469 417
469 464
469 570
469 618
469 636
469 822
469 988
470 160
470 707
470 811
471 182
471 195
471 275
471 547
471 770
471 776
471 808
471 953
471 960
471 974
472 39
472 242
472 369
472 700
472 798
472 985
473 219
473 466
473 590
473 610
473 699
473 810
473 945
474 204
474 220
474 223
474 401
474 457
474 874
475 93
475 285
475 288
475 327
475 503
475 527
475 601
475 714
475 731
475 803
475 811
475 985
475 990
476 42
476 104
476 483
476 704
476 778
477 156
477 169
477 311
477 344
477 479
477 547
477 833
477 994
477 995
478 749
479 211
479 279
479 423
479 477
479 525
479 584
479 734
479 792
479 811
479 998
480 49
480 98
480 102
480 118
480 198
480 238
480 257
480 266
480 378
480 416
480 701
480 757
480 876
480 995
481 8
481 167
481 204
481 593
481 693
481 868
481 917
482 92
482 159
482 246
482 411
482 500
482 576
482 696
482 766
482 880
483 19
483 195
483 315
483 341
483 353
483 359
483 391
483 468
483 476
483 486
483 506
483 708
483 830
483 833
483 857
483 881
483 904
483 922
483 945
483 974
483 993
484 9
484 44
484 91
484 563
485 81
485 108
485 215
485 235
485 435
485 467
485 539
485 612
485 648
485 799
485 800
485 855
485 871
485 968
485 988
486 16
486 483
486 630
486 803
487 91
487 867
487 927
488 242
488 267
488 280
488 334
488 336
488 461
488 529
488 759
488 833
489 58
489 76
489 340
489 950
490 137
490 544
490 792
490 797
490 945
491 66
491 74
491 81
491 97
491 184
491 231
491 330
491 761
492 46
492 151
492 217
492 238
492 554
492 632
492 875
492 969
493 6
493 25
493 106
493 441
493 909
493 921
494 247
494 448
494 595
494 907
494 968
495 56
495 104
495 185
495 255
495 292
495 416
495 688
495 798
495 839
496 258
496 531
496 570
496 593
496 694
496 862
497 63
497 220
497 243
497 342
497 456
497 696
498 81
498 98
498 653
499 5
499 91
499 92
499 332
499 610
499 625
499 718
499 833
500 7
500 40
500 222
500 268
500 309
500 482
500 584
500 792
500 832
501 83
501 194
501 388
501 446
501 643
501 645
501 748
501 797
501 830
501 910
501 985
502 15
502 157
502 325
502 676
502 797
502 863
503 91
503 367
503 380
503 475
503 706
504 25
504 91
504 118
504 993
505 242
505 252
505 265
505 294
505 468
505 531
505 630
505 650
505 945
506 91
506 171
506 483
506 593
507 84
507 209
507 349
507 544
507 751
508 7
508 537
508 836
508 972
509 563
509 630
510 81
510 411
510 846
511 284
511 371
511 521
511 529
511 543
512 9
512 68
512 231
512 242
512 261
512 426
512 460
512 513
512 526
512 618
512 696
512 748
512 762
512 797
512 798
512 833
512 945
513 215
513 351
513 512
514 118
514 220
514 566
514 725
514 867
514 945
514 988
515 261
515 285
515 391
515 801
515 850
515 879
515 924
515 952
516 180
516 466
516 546
516 611
516 730
516 926
517 23
517 125
517 282
517 314
517 331
517 346
517 373
517 548
517 563
517 579
517 677
517 811
517 879
517 927
518 119
518 215
518 521
518 596
518 696
518 780
519 365
519 468
520 5
520 446
520 726
520 875
520 960
521 49
521 182
521 358
521 511
521 518
521 558
521 715
521 764
521 788
521 964
522 39
522 151
522 182
522 267
522 972
523 90
523 310
523 385
523 446
523 619
524 83
524 97
524 131
524 351
524 542
524 579
525 62
525 255
525 368
525 391
525 457
525 468
525 479
525 593
525 624
525 636
525 751
525 810
525 815
525 885
525 898
525 922
525 989
525 995
525 997
526 5
526 83
526 410
526 512
526 877
526 893
526 992
527 91
527 97
527 118
527 119
527 162
527 218
527 242
527 264
527 265
527 382
527 447
527 475
527 590
527 593
527 714
527 724
527 759
527 761
527 821
527 857
527 908
527 921
527 975
528 18
528 235
528 619
528 627
528 875
529 88
529 89
529 208
529 305
529 313
529 488
529 511
529 658
529 696
529 787
529 829
530 122
530 267
530 538
530 988
531 9
531 298
531 466
531 496
531 505
531 572
531 711
531 851
532 222
532 311
532 401
532 880
532 886
533 215
533 538
533 780
533 900
534 98
534 139
534 241
534 467
535 121
535 160
535 182
535 316
536 555
536 675
536 926
537 151
537 252
537 254
537 305
537 383
537 418
537 508
537 593
537 761
537 774
537 790
537 797
537 840
537 844
537 876
538 70
538 77
538 91
538 133
538 305
538 351
538 386
538 435
538 530
538 533
538 563
538 643
538 645
538 688
538 801
538 805
538 849
538 852
538 945
538 973
538 988
539 16
539 307
539 371
539 485
540 154
540 576
540 587
540 733
540 742
541 563
541 796
542 135
542 150
542 267
542 377
542 406
542 467
542 524
542 673
542 755
542 761
542 790
543 264
543 415
543 426
543 511
543 545
543 725
543 759
543 848
544 56
544 64
544 149
544 224
544 270
544 282
544 369
544 405
544 468
544 490
544 507
544 552
544 701
544 774
544 789
544 884
545 264
545 346
545 467
545 543
545 629
545 675
545 869
546 83
546 285
546 455
546 516
546 732
546 985
547 15
547 23
547 64
547 68
547 82
547 104
547 140
547 198
547 223
547 233
547 238
547 280
547 305
547 317
547 330
547 383
547 411
547 471
547 477
547 613
547 636
547 646
547 659
547 675
547 715
547 770
547 780
547 821
547 833
547 851
547 871
547 879
548 54
548 86
548 91
548 242
548 324
548 431
548 517
548 927
548 961
549 203
549 551
549 615
549 780
549 902
549 919
549 952
550 94
550 231
550 640
550 696
551 78
551 312
551 348
551 426
551 431
551 457
551 549
551 741
551 935
552 544
552 945
553 57
553 165
553 210
553 231
553 426
553 578
554 193
554 372
554 492
554 707
554 917
554 936
554 983
554 993
555 160
555 296
555 536
555 758
556 41
556 77
556 863
557 602
557 704
557 745
557 995
558 53
558 76
558 91
558 129
558 151
558 179
558 304
558 521
558 591
558 927
559 272
559 406
559 561
559 921
560 7
560 39
560 91
560 193
560 248
560 328
560 701
560 791
561 56
561 62
561 298
561 305
561 435
561 559
561 656
561 692
561 730
561 922
561 952
562 461
562 644
562 727
562 733
562 895
562 979
563 29
563 66
563 81
563 89
563 92
563 99
563 132
563 145
563 169
563 177
563 207
563 236
563 246
563 250
563 260
563 270
563 282
563 283
563 330
563 380
563 394
563 398
563 411
563 443
563 453
563 466
563 484
563 509
563 517
563 538
563 541
563 591
563 595
563 621
563 635
563 689
563 696
563 697
563 712
563 715
563 734
563 797
563 808
563 823
563 838
563 879
563 970
563 974
563 975
563 981
563 991
564 145
564 601
564 608
564 759
564 813
564 919
565 81
565 242
565 246
565 609
565 742
565 759
565 916
565 919
565 968
566 92
566 104
566 438
566 446
566 514
566 631
566 787
567 283
567 679
567 696
567 709
567 875
567 931
568 139
568 394
568 449
568 780
568 874
568 911
568 921
569 151
569 236
569 466
570 264
570 469
570 496
570 696
570 910
571 56
571 67
571 98
571 133
571 182
571 452
571 754
571 911
571 935
572 11
572 16
572 31
572 48
572 52
572 87
572 92
572 123
572 143
572 151
572 200
572 216
572 223
572 226
572 239
572 254
572 262
572 283
572 292
572 387
572 395
572 435
572 466
572 531
572 609
572 629
572 646
572 648
572 656
572 680
572 703
572 781
572 787
572 803
572 814
572 826
572 835
572 852
572 891
572 892
572 908
572 945
572 986
572 991
573 92
573 209
573 787
574 111
574 446
575 91
575 334
575 774
575 812
575 927
575 995
576 251
576 482
576 540
577 135
577 318
577 631
577 950
578 65
578 146
578 182
578 195
578 329
578 404
578 435
578 459
578 553
578 593
578 640
578 660
578 724
579 517
579 524
579 772
580 50
580 393
580 590
580 657
580 719
580 811
581 160
581 219
581 446
581 759
581 783
582 178
582 192
582 330
582 427
582 433
582 459
583 104
583 195
583 214
583 334
583 755
583 780
583 853
584 36
584 62
584 195
584 248
584 288
584 296
584 320
584 334
584 406
584 455
584 479
584 500
584 593
584 605
584 644
584 803
584 851
584 947
584 955
585 112
585 593
586 151
586 431
586 985
587 540
587 929
588 326
588 751
588 994
589 341
589 671
589 879
590 79
590 81
590 151
590 241
590 246
590 473
590 527
590 580
590 664
590 689
590 730
590 972
591 186
591 558
591 563
591 696
591 835
591 850
591 854
591 975
592 117
592 305
592 340
592 717
592 829
593 105
593 107
593 135
593 151
593 161
593 166
593 185
593 187
593 193
593 194
593 196
593 200
593 202
593 208
593 210
593 256
593 257
593 305
593 314
593 316
593 350
593 354
593 371
593 377
593 387
593 402
593 420
593 446
593 466
593 468
593 481
593 496
593 506
593 525
593 527
593 537
593 578
593 584
593 585
593 621
593 636
593 643
593 651
593 693
593 759
593 780
593 781
593 785
593 797
593 803
593 817
593 823
593 829
593 831
593 852
593 865
593 875
593 892
593 917
593 924
593 927
593 946
593 952
593 975
593 976
594 9
594 49
594 61
594 107
594 133
594 153
594 204
594 279
594 283
594 305
594 324
594 351
594 375
594 380
594 411
594 414
594 618
594 733
594 781
594 793
594 813
594 901
594 928
594 960
594 964
594 988
594 994
595 5
595 111
595 169
595 186
595 192
595 336
595 379
595 424
595 456
595 494
595 563
595 765
595 840
595 875
595 926
595 993
596 5
596 518
596 952
597 50
597 143
597 171
597 339
597 444
597 458
597 681
597 694
597 781
597 884
597 970
598 456
598 754
599 98
599 372
599 774
599 878
600 735
601 144
601 245
601 319
601 475
601 564
601 739
601 927
602 40
602 91
602 132
602 160
602 161
602 231
602 236
602 334
602 357
602 557
602 693
602 781
602 925
602 993
603 108
603 143
603 774
603 975
604 156
604 319
605 17
605 38
605 126
605 236
605 584
605 640
606 81
606 221
606 306
606 381
606 453
607 149
607 325
607 736
607 762
607 923
608 76
608 237
608 284
608 305
608 325
608 396
608 449
608 564
608 677
608 907
608 962
609 565
609 572
609 879
609 899
610 185
610 273
610 294
610 298
610 316
610 351
610 380
610 398
610 446
610 473
610 499
610 733
610 770
610 802
610 876
610 972
611 77
611 89
611 151
611 223
611 323
611 346
611 516
611 738
611 875
612 174
612 336
612 485
612 822
612 854
613 151
613 547
613 761
614 54
614 242
614 810
614 817
615 351
615 549
615 635
615 724
615 988
616 151
616 276
616 386
616 766
617 323
617 330
617 422
618 7
618 231
618 246
618 341
618 367
618 380
618 391
618 469
618 512
618 594
618 620
618 684
618 818
618 838
618 882
618 960
619 97
619 193
619 330
619 412
619 449
619 523
619 528
619 774
619 914
620 70
620 78
620 132
620 618
620 709
620 803
620 975
621 81
621 435
621 446
621 563
621 593
621 650
621 693
621 759
621 794
621 868
622 280
622 915
622 929
623 238
623 636
623 810
624 66
624 207
624 279
624 298
624 344
624 426
624 525
624 825
624 826
624 828
624 842
624 887
625 76
625 152
625 201
625 467
625 499
625 654
625 850
625 895
626 867
627 426
627 528
627 985
628 130
628 243
628 294
628 438
628 446
629 283
629 455
629 545
629 572
629 696
629 732
629 875
629 879
629 958
630 17
630 49
630 86
630 102
630 118
630 123
630 160
630 180
630 182
630 194
630 283
630 328
630 407
630 427
630 446
630 486
630 505
630 509
630 693
630 711
630 715
630 761
630 768
630 788
630 809
630 845
630 850
630 917
630 921
630 961
630 964
631 97
631 335
631 348
631 446
631 466
631 566
631 577
631 754
632 61
632 123
632 129
632 288
632 492
632 781
632 894
633 408
633 455
633 770
633 863
633 946
633 955
633 991
634 231
635 282
635 563
635 615
635 901
635 911
636 24
636 55
636 67
636 106
636 151
636 192
636 250
636 270
636 277
636 295
636 323
636 400
636 469
636 525
636 547
636 593
636 623
636 649
636 687
636 690
636 733
636 849
636 862
636 921
636 945
636 988
637 248
637 324
637 456
637 673
637 911
637 915
638 160
638 381
638 417
639 145
640 285
640 550
640 578
640 605
640 800
641 254
641 259
641 273
641 320
641 781
641 945
641 988
642 917
643 56
643 90
643 204
643 246
643 433
643 501
643 538
643 593
643 922
644 81
644 181
644 208
644 562
644 584
644 696
644 916
645 219
645 396
645 501
645 538
645 695
645 780
645 790
645 843
646 119
646 223
646 372
646 547
646 572
646 717
646 783
646 920
647 117
647 125
647 240
647 314
647 902
647 975
648 211
648 267
648 283
648 314
648 455
648 485
648 572
648 697
648 727
648 739
648 875
648 955
649 30
649 132
649 140
649 199
649 456
649 636
649 762
650 338
650 505
650 621
650 750
650 803
650 995
651 462
651 593
651 687
651 757
651 781
651 928
652 83
652 180
652 297
652 654
652 712
652 772
652 780
652 835
652 985
653 204
653 498
653 917
653 989
654 151
654 165
654 330
654 625
654 652
654 772
654 808
654 894
654 902
655 715
655 809
655 953
656 44
656 97
656 178
656 369
656 466
656 561
656 572
656 722
656 819
656 995
657 381
657 436
657 580
658 108
658 167
658 529
658 888
659 135
659 282
659 334
659 547
659 939
660 246
660 263
660 273
660 578
660 774
660 781
660 797
660 905
661 101
661 384
661 858
661 990
662 870
663 226
663 975
664 24
664 26
664 243
664 446
664 590
664 693
664 803
664 813
664 886
664 967
664 974
665 312
665 918
665 921
666 151
667 774
667 863
667 894
668 81
668 215
668 824
668 894
669 181
669 813
669 828
669 945
670 91
671 299
671 395
671 589
672 383
672 416
672 741
672 939
673 83
673 341
673 542
673 637
674 253
674 397
674 754
674 950
674 983
675 96
675 209
675 536
675 545
675 547
675 796
676 10
676 91
676 360
676 502
677 233
677 234
677 517
677 608
678 101
678 194
678 413
678 430
678 827
678 843
678 879
678 899
679 55
679 154
679 280
679 567
679 856
680 14
680 194
680 572
680 771
681 97
681 264
681 597
681 943
682 69
682 724
682 783
683 369
683 696
683 815
683 829
684 223
684 618
684 914
685 248
686 430
686 796
687 136
687 386
687 636
687 651
688 118
688 208
688 495
688 538
688 804
689 29
689 121
689 344
689 563
689 590
689 794
689 988
690 426
690 636
690 783
690 791
690 801
690 905
690 975
691 223
691 320
691 322
691 451
691 839
692 25
692 435
692 561
692 975
693 34
693 81
693 91
693 97
693 158
693 199
693 201
693 236
693 257
693 302
693 330
693 426
693 452
693 455
693 481
693 593
693 602
693 621
693 630
693 664
693 760
693 810
693 844
693 845
693 898
693 944
693 975
694 86
694 185
694 193
694 348
694 417
694 496
694 597
694 724
694 830
694 926
695 98
695 285
695 645
695 750
695 781
695 853
696 30
696 40
696 79
696 93
696 97
696 107
696 118
696 129
696 145
696 166
696 184
696 211
696 215
696 280
696 282
696 285
696 290
696 300
696 305
696 310
696 352
696 365
696 372
696 391
696 397
696 416
696 426
696 431
696 438
696 446
696 462
696 482
696 497
696 512
696 518
696 529
696 550
696 563
696 567
696 570
696 591
696 629
696 644
696 683
696 781
696 789
696 801
696 811
696 813
696 814
696 846
696 875
696 887
696 897
696 915
696 935
696 949
696 962
696 964
696 971
696 975
696 998
697 256
697 563
697 648
698 130
698 177
698 247
698 375
699 16
699 140
699 446
699 455
699 473
699 798
700 356
700 472
700 716
700 792
701 91
701 98
701 182
701 195
701 202
701 208
701 305
701 356
701 480
701 544
701 560
701 724
701 733
701 803
701 850
701 877
701 889
701 960
701 972
701 991
701 993
702 320
702 334
702 466
703 244
703 344
703 572
703 863
704 122
704 338
704 396
704 446
704 454
704 476
704 557
704 954
704 988
705 40
705 307
705 740
705 875
705 952
705 977
706 149
706 450
706 503
707 48
707 310
707 370
707 391
707 470
707 554
707 775
707 803
707 921
707 927
708 18
708 226
708 239
708 314
708 461
708 483
709 57
709 132
709 567
709 620
709 897
709 920
709 945
710 145
710 461
710 945
711 305
711 346
711 531
711 630
711 803
711 818
711 850
712 122
712 260
712 563
712 652
712 900
713 119
713 426
714 323
714 475
714 527
714 834
714 886
715 9
715 113
715 160
715 161
715 194
715 199
715 215
715 404
715 406
715 521
715 547
715 563
715 630
715 655
715 851
715 873
715 902
715 988
716 64
716 215
716 266
716 700
716 795
717 49
717 280
717 305
717 411
717 592
717 646
717 724
717 787
718 6
718 102
718 151
718 152
718 223
718 238
718 240
718 499
718 806
719 89
719 257
719 345
719 580
719 724
720 25
720 95
720 115
720 267
720 341
720 863
720 975
721 82
721 279
721 400
721 988
722 91
722 415
722 656
723 90
723 102
723 449
723 732
723 800
723 821
724 22
724 43
724 236
724 269
724 283
724 332
724 438
724 446
724 468
724 527
724 578
724 615
724 682
724 694
724 701
724 717
724 719
724 754
724 768
724 945
724 947
724 990
725 257
725 514
725 543
725 776
726 62
726 92
726 426
726 520
727 237
727 249
727 562
727 648
727 870
728 48
728 225
728 237
728 922
729 455
729 842
729 896
730 182
730 199
730 213
730 365
730 404
730 516
730 561
730 590
730 870
730 878
730 905
730 959
730 985
731 223
731 245
731 417
731 475
731 995
732 90
732 140
732 221
732 466
732 546
732 629
732 723
732 803
732 833
733 58
733 69
733 97
733 105
733 124
733 332
733 334
733 339
733 386
733 411
733 424
733 434
733 450
733 467
733 468
733 540
733 562
733 594
733 610
733 636
733 701
733 768
733 838
733 875
733 888
733 922
733 945
733 952
733 970
734 479
734 563
734 780
734 803
734 810
735 82
735 298
735 600
735 827
735 948
736 164
736 607
736 917
737 91
737 206
737 443
737 742
738 67
738 97
738 348
738 376
738 611
739 202
739 223
739 285
739 365
739 601
739 648
739 799
739 833
739 919
740 41
740 705
740 810
740 933
741 8
741 140
741 258
741 304
741 416
741 435
741 468
741 551
741 672
741 776
741 781
741 929
741 968
741 998
742 116
742 219
742 409
742 540
742 565
742 737
742 919
743 7
743 94
743 236
743 285
743 904
743 997
744 98
744 264
745 335
745 410
745 557
745 863
746 260
746 359
746 438
746 468
747 8
747 132
747 763
747 800
747 874
748 282
748 426
748 501
748 512
749 7
749 97
749 121
749 144
749 205
749 478
749 826
749 920
750 330
750 338
750 650
750 695
750 760
751 97
751 203
751 305
751 507
751 525
751 588
751 906
751 960
752 98
752 191
752 766
752 865
753 72
753 271
753 349
754 192
754 223
754 571
754 598
754 631
754 674
754 724
755 118
755 240
755 326
755 542
755 583
755 975
756 194
756 446
756 828
756 948
757 202
757 426
757 480
757 651
757 767
757 879
757 897
757 960
758 555
758 960
758 993
759 28
759 69
759 79
759 81
759 91
759 132
759 157
759 187
759 201
759 231
759 246
759 282
759 296
759 312
759 315
759 343
759 348
759 381
759 388
759 397
759 439
759 445
759 446
759 449
759 488
759 527
759 543
759 564
759 565
759 581
759 593
759 621
759 774
759 781
759 813
759 818
759 835
759 838
759 839
759 858
759 864
759 870
759 893
759 901
759 904
759 927
759 945
759 975
759 985
759 988
759 995
760 387
760 693
760 750
761 96
761 144
761 283
761 288
761 315
761 325
761 334
761 446
761 491
761 527
761 537
761 542
761 613
761 630
761 792
761 803
761 907
761 995
762 190
762 231
762 236
762 298
762 466
762 512
762 607
762 649
762 790
762 817
763 305
763 344
763 747
763 998
764 132
764 466
764 521
764 792
765 151
765 595
765 966
765 980
766 161
766 435
766 460
766 482
766 616
766 752
767 114
767 187
767 757
768 458
768 630
768 724
768 733
769 309
769 434
770 40
770 471
770 547
770 610
770 633
770 956
771 117
771 151
771 242
771 259
771 314
771 348
771 365
771 421
771 426
771 680
772 90
772 109
772 257
772 348
772 467
772 579
772 652
772 654
772 805
772 852
772 913
772 936
772 943
773 120
773 189
773 988
774 8
774 14
774 151
774 168
774 199
774 319
774 346
774 347
774 371
774 377
774 430
774 537
774 544
774 575
774 599
774 603
774 619
774 660
774 667
774 759
774 813
774 828
774 922
774 990
775 348
775 440
775 707
776 14
776 348
776 380
776 471
776 725
776 741
776 887
777 291
777 418
777 833
777 838
777 897
778 134
778 182
778 476
779 242
779 245
779 809
780 17
780 164
780 196
780 285
780 346
780 387
780 518
780 533
780 547
780 549
780 568
780 583
780 593
780 645
780 652
780 734
780 851
780 863
780 971
780 980
781 6
781 46
781 68
781 78
781 131
781 182
781 199
781 208
781 212
781 279
781 286
781 292
781 293
781 326
781 327
781 357
781 382
781 446
781 451
781 466
781 572
781 593
781 594
781 597
781 602
781 632
781 641
781 651
781 660
781 695
781 696
781 741
781 759
781 803
781 806
781 866
781 903
781 922
781 927
781 958
782 97
782 265
783 78
783 160
783 166
783 267
783 386
783 468
783 581
783 646
783 682
783 690
783 887
783 908
783 975
784 243
784 316
784 843
784 924
785 348
785 593
785 882
785 964
786 8
786 71
786 360
786 391
786 860
787 182
787 266
787 411
787 529
787 566
787 572
787 573
787 717
787 995
788 93
788 109
788 132
788 151
788 521
788 630
788 850
788 863
788 966
788 986
789 53
789 305
789 544
789 696
789 811
790 381
790 406
790 446
790 537
790 542
790 645
790 762
790 797
790 805
791 177
791 194
791 214
791 560
791 690
791 884
791 897
791 945
792 446
792 479
792 490
792 500
792 700
792 761
792 764
792 976
793 294
793 313
793 397
793 435
793 594
793 813
793 903
793 922
793 983
793 985
794 314
794 444
794 446
794 621
794 689
794 945
794 975
795 446
795 716
795 803
795 930
795 985
796 61
796 137
796 541
796 675
796 686
796 993
797 18
797 64
797 81
797 83
797 97
797 105
797 111
797 118
797 168
797 182
797 228
797 247
797 266
797 305
797 385
797 397
797 405
797 426
797 435
797 455
797 490
797 501
797 502
797 512
797 537
797 563
797 593
797 660
797 790
797 879
797 890
797 923
797 950
797 965
798 81
798 186
798 215
798 250
798 436
798 464
798 468
798 472
798 495
798 512
798 699
798 825
798 834
798 841
798 922
799 91
799 271
799 446
799 485
799 739
799 978
800 114
800 344
800 485
800 640
800 723
800 747
800 880
800 945
800 975
801 127
801 211
801 223
801 305
801 344
801 402
801 435
801 515
801 538
801 690
801 696
801 807
801 875
801 993
802 97
802 285
802 388
802 416
802 424
802 610
803 146
803 194
803 247
803 269
803 305
803 352
803 369
803 380
803 391
803 411
803 421
803 461
803 475
803 486
803 572
803 584
803 593
803 620
803 650
803 664
803 701
803 707
803 711
803 732
803 734
803 761
803 781
803 795
803 868
803 892
803 893
803 899
803 912
803 943
803 960
803 968
804 11
804 118
804 173
804 191
804 233
804 236
804 258
804 303
804 307
804 688
804 824
804 950
804 964
805 76
805 92
805 360
805 361
805 538
805 772
805 790
805 882
805 921
805 934
805 988
805 995
806 165
806 302
806 370
806 462
806 718
806 781
807 78
807 160
807 167
807 348
807 388
807 801
807 828
807 882
808 243
808 273
808 471
808 563
808 654
808 988
808 990
809 221
809 292
809 323
809 630
809 655
809 779
809 964
810 62
810 64
810 71
810 151
810 223
810 294
810 305
810 367
810 393
810 473
810 525
810 614
810 623
810 693
810 734
810 740
810 852
810 875
810 879
810 995
811 164
811 221
811 235
811 264
811 288
811 308
811 317
811 331
811 348
811 466
811 470
811 475
811 479
811 517
811 580
811 696
811 789
811 843
811 887
811 931
811 939
811 975
811 988
811 997
812 575
813 81
813 192
813 267
813 279
813 320
813 330
813 354
813 426
813 431
813 564
813 594
813 664
813 669
813 696
813 759
813 774
813 793
814 438
814 572
814 696
815 359
815 387
815 411
815 525
815 683
816 159
816 227
816 246
816 301
816 975
817 76
817 170
817 593
817 614
817 762
817 968
818 8
818 9
818 67
818 68
818 91
818 285
818 307
818 368
818 618
818 711
818 759
818 862
818 900
818 919
818 931
818 972
818 993
819 159
819 314
819 344
819 348
819 391
819 656
819 886
820 297
820 899
820 930
820 951
820 975
821 322
821 527
821 547
821 723
821 833
822 438
822 445
822 469
822 612
823 172
823 375
823 417
823 435
823 563
823 593
824 668
824 804
825 624
825 798
825 988
826 113
826 161
826 446
826 572
826 624
826 749
826 883
826 975
827 144
827 236
827 325
827 678
827 735
828 81
828 97
828 182
828 193
828 449
828 624
828 669
828 756
828 774
828 807
828 917
828 921
828 945
828 993
828 995
829 238
829 529
829 592
829 593
829 683
829 831
829 887
829 958
829 969
830 200
830 275
830 483
830 501
830 694
830 882
831 231
831 446
831 593
831 829
831 997
832 309
832 371
832 500
833 29
833 57
833 69
833 83
833 125
833 136
833 165
833 182
833 203
833 270
833 298
833 318
833 335
833 417
833 457
833 477
833 483
833 488
833 499
833 512
833 547
833 732
833 739
833 777
833 821
833 870
833 922
833 923
833 967
834 81
834 347
834 372
834 420
834 714
834 798
834 890
835 27
835 147
835 150
835 327
835 347
835 349
835 468
835 572
835 591
835 652
835 759
835 928
835 949
836 11
836 179
836 508
836 847
837 887
838 34
838 49
838 160
838 168
838 207
838 279
838 412
838 563
838 618
838 733
838 759
838 777
838 895
838 904
838 948
838 975
839 97
839 314
839 369
839 495
839 691
839 759
839 852
840 82
840 372
840 466
840 537
840 595
840 938
840 945
841 171
841 305
841 798
842 207
842 221
842 381
842 624
842 729
842 968
843 85
843 288
843 365
843 423
843 431
843 446
843 645
843 678
843 784
843 811
843 975
844 107
844 188
844 297
844 537
844 693
844 904
845 114
845 159
845 197
845 630
845 693
845 879
846 150
846 510
846 696
847 81
847 154
847 207
847 366
847 373
847 836
847 998
848 8
848 97
848 107
848 289
848 305
848 543
849 144
849 200
849 238
849 538
849 636
849 994
850 57
850 82
850 103
850 159
850 166
850 182
850 189
850 283
850 305
850 374
850 436
850 458
850 466
850 467
850 515
850 591
850 625
850 630
850 701
850 711
850 788
850 950
850 952
850 964
850 966
850 975
851 9
851 14
851 150
851 231
851 263
851 285
851 371
851 423
851 446
851 531
851 547
851 584
851 715
851 780
851 874
851 875
851 908
851 975
851 985
851 988
852 335
852 370
852 538
852 572
852 593
852 772
852 810
852 839
853 51
853 429
853 583
853 695
853 879
854 91
854 182
854 322
854 411
854 591
854 612
854 868
855 117
855 257
855 347
855 485
855 964
856 91
856 115
856 411
856 679
857 107
857 247
857 382
857 406
857 446
857 467
857 483
857 527
857 868
857 958
858 194
858 226
858 460
858 661
858 759
859 346
859 467
860 49
860 786
862 98
862 222
862 318
862 463
862 496
862 636
862 818
863 60
863 341
863 363
863 502
863 556
863 633
863 667
863 703
863 720
863 745
863 780
863 788
863 938
864 40
864 96
864 281
864 435
864 446
864 759
864 920
865 260
865 338
865 353
865 593
865 752
866 254
866 279
866 781
867 9
867 25
867 182
867 192
867 252
867 487
867 514
867 626
868 243
868 305
868 340
868 453
868 456
868 481
868 621
868 803
868 854
868 857
869 120
869 198
869 236
869 329
869 454
869 545
869 952
870 78
870 182
870 221
870 243
870 283
870 340
870 662
870 727
870 730
870 759
870 833
870 922
870 947
871 9
871 149
871 267
871 298
871 348
871 371
871 485
871 547
871 879
871 905
872 975
873 5
873 112
873 715
873 987
873 988
874 268
874 348
874 354
874 474
874 568
874 747
874 851
875 22
875 32
875 77
875 97
875 109
875 122
875 165
875 186
875 192
875 193
875 208
875 215
875 218
875 233
875 242
875 264
875 270
875 314
875 348
875 357
875 372
875 386
875 410
875 413
875 427
875 459
875 492
875 520
875 528
875 567
875 593
875 595
875 611
875 629
875 648
875 696
875 705
875 733
875 801
875 810
875 851
875 883
875 893
875 945
875 960
875 973
875 980
875 988
875 990
876 139
876 156
876 194
876 262
876 275
876 335
876 480
876 537
876 610
877 234
877 465
877 526
877 701
878 97
878 344
878 599
878 730
879 47
879 132
879 253
879 278
879 326
879 438
879 447
879 515
879 517
879 547
879 563
879 589
879 609
879 629
879 678
879 757
879 797
879 810
879 845
879 853
879 871
879 972
880 402
880 411
880 482
880 532
880 800
880 975
881 75
881 140
881 202
881 483
882 201
882 251
882 274
882 287
882 397
882 618
882 785
882 805
882 807
882 830
882 991
882 995
883 826
883 875
884 40
884 97
884 321
884 544
884 597
884 791
885 186
885 525
885 985
886 532
886 664
886 714
886 819
887 23
887 78
887 88
887 112
887 152
887 162
887 215
887 225
887 254
887 404
887 624
887 696
887 776
887 783
887 811
887 829
887 837
887 985
888 658
888 733
888 947
888 986
889 294
889 701
890 357
890 430
890 467
890 797
890 834
891 195
891 572
891 989
892 91
892 247
892 572
892 593
892 803
893 24
893 83
893 133
893 264
893 267
893 377
893 526
893 759
893 803
893 875
893 995
894 121
894 210
894 256
894 632
894 654
894 667
894 668
895 99
895 192
895 306
895 323
895 338
895 368
895 562
895 625
895 838
896 215
896 233
896 729
897 14
897 159
897 175
897 200
897 381
897 450
897 696
897 709
897 757
897 777
897 791
897 922
898 236
898 525
898 693
899 91
899 97
899 132
899 139
899 163
899 236
899 276
899 279
899 305
899 426
899 609
899 678
899 803
899 820
899 993
900 190
900 533
900 712
900 818
901 326
901 594
901 635
901 759
901 905
901 921
902 49
902 375
902 549
902 647
902 654
902 715
902 917
903 781
903 793
903 988
904 91
904 175
904 270
904 334
904 483
904 743
904 759
904 838
904 844
904 922
904 975
905 60
905 81
905 660
905 690
905 730
905 871
905 901
905 936
906 354
906 751
906 922
906 988
907 357
907 494
907 608
907 761
908 31
908 129
908 150
908 250
908 266
908 277
908 527
908 572
908 783
908 851
908 975
909 9
909 300
909 493
910 81
910 318
910 501
910 570
911 159
911 182
911 568
911 571
911 635
911 637
911 922
912 803
913 202
913 232
913 452
913 772
913 947
914 221
914 223
914 247
914 354
914 619
914 684
914 940
915 46
915 109
915 215
915 250
915 622
915 637
915 696
915 924
915 950
916 446
916 565
916 644
916 988
917 49
917 268
917 456
917 481
917 554
917 593
917 630
917 642
917 653
917 736
917 828
917 902
917 998
918 91
918 168
918 435
918 665
918 922
919 78
919 191
919 323
919 335
919 549
919 564
919 565
919 739
919 742
919 818
919 931
920 28
920 30
920 60
920 66
920 86
920 198
920 211
920 317
920 320
920 387
920 468
920 646
920 709
920 749
920 864
921 144
921 193
921 257
921 450
921 493
921 527
921 559
921 568
921 630
921 636
921 665
921 707
921 805
921 828
921 901
922 45
922 56
922 82
922 123
922 141
922 182
922 298
922 330
922 343
922 349
922 365
922 371
922 417
922 435
922 446
922 459
922 483
922 525
922 561
922 643
922 728
922 733
922 774
922 781
922 793
922 798
922 833
922 870
922 897
922 904
922 906
922 911
922 918
922 945
922 953
922 975
922 994
923 282
923 607
923 797
923 833
923 977
924 31
924 52
924 515
924 593
924 784
924 915
925 58
925 85
925 131
925 147
925 354
925 602
926 9
926 72
926 243
926 305
926 435
926 516
926 536
926 595
926 694
927 194
927 413
927 440
927 487
927 517
927 548
927 558
927 575
927 593
927 601
927 707
927 759
927 781
927 947
928 166
928 274
928 426
928 594
928 651
928 835
928 960
929 64
929 180
929 211
929 275
929 426
929 587
929 622
929 741
930 81
930 214
930 248
930 435
930 439
930 795
930 820
930 981
931 193
931 283
931 353
931 382
931 441
931 448
931 567
931 811
931 818
931 919
932 151
932 169
932 189
932 957
933 64
933 92
933 740
933 942
934 119
934 805
935 132
935 242
935 436
935 551
935 571
935 696
936 409
936 448
936 554
936 772
936 905
936 968
936 975
937 201
937 298
938 283
938 332
938 366
938 840
938 863
938 954
939 11
939 298
939 318
939 659
939 672
939 811
940 914
941 96
942 56
942 82
942 933
942 945
943 74
943 151
943 358
943 681
943 772
943 803
943 989
943 994
944 56
944 81
944 212
944 351
944 460
944 693
945 30
945 31
945 50
945 81
945 141
945 205
945 279
945 305
945 312
945 317
945 342
945 348
945 384
945 426
945 456
945 467
945 473
945 483
945 490
945 505
945 512
945 514
945 538
945 552
945 572
945 636
945 641
945 669
945 709
945 710
945 724
945 733
945 759
945 791
945 794
945 800
945 828
945 840
945 875
945 922
945 942
945 975
945 976
945 993
946 102
946 163
946 467
946 593
946 633
946 975
946 998
947 118
947 210
947 282
947 338
947 428
947 454
947 584
947 724
947 870
947 888
947 913
947 927
948 65
948 305
948 735
948 756
948 838
949 132
949 441
949 696
949 835
950 26
950 146
950 160
950 365
950 489
950 577
950 674
950 797
950 804
950 850
950 915
950 995
951 358
951 464
951 820
952 58
952 132
952 320
952 370
952 515
952 549
952 561
952 593
952 596
952 705
952 733
952 850
952 869
952 995
953 105
953 208
953 282
953 471
953 655
953 922
954 181
954 704
954 938
955 228
955 305
955 334
955 346
955 584
955 633
955 648
955 998
956 770
957 69
957 246
957 374
957 386
957 932
958 208
958 252
958 267
958 355
958 437
958 629
958 781
958 829
958 857
959 730
960 49
960 158
960 161
960 243
960 267
960 270
960 271
960 314
960 315
960 344
960 377
960 403
960 440
960 471
960 520
960 594
960 618
960 701
960 751
960 757
960 758
960 803
960 875
960 928
960 988
961 236
961 402
961 548
961 630
962 109
962 137
962 177
962 200
962 374
962 426
962 463
962 608
962 696
962 985
963 233
963 418
963 995
964 97
964 194
964 222
964 225
964 330
964 521
964 594
964 630
964 696
964 785
964 804
964 809
964 850
964 855
964 975
965 64
965 367
965 447
965 464
965 797
966 95
966 273
966 300
966 372
966 765
966 788
966 850
967 223
967 664
967 833
968 115
968 309
968 400
968 403
968 426
968 485
968 494
968 565
968 741
968 803
968 817
968 842
968 936
969 137
969 138
969 224
969 371
969 492
969 829
970 12
970 231
970 322
970 458
970 563
970 597
970 733
971 249
971 696
971 780
972 25
972 81
972 214
972 242
972 343
972 508
972 522
972 590
972 610
972 701
972 818
972 879
972 995
973 81
973 285
973 538
973 875
974 5
974 94
974 150
974 238
974 241
974 409
974 419
974 441
974 471
974 483
974 563
974 664
974 975
975 65
975 77
975 80
975 81
975 86
975 91
975 138
975 152
975 155
975 178
975 207
975 211
975 220
975 233
975 273
975 281
975 283
975 305
975 338
975 344
975 375
975 426
975 432
975 456
975 527
975 563
975 591
975 593
975 603
975 620
975 647
975 663
975 690
975 692
975 693
975 696
975 720
975 755
975 759
975 783
975 794
975 800
975 811
975 816
975 820
975 826
975 838
975 843
975 850
975 851
975 872
975 880
975 904
975 908
975 922
975 936
975 945
975 946
975 964
975 974
975 986
975 988
975 995
975 997
976 98
976 593
976 792
976 945
977 705
977 923
978 8
978 231
978 799
979 300
979 373
979 435
979 460
979 562
980 126
980 223
980 765
980 780
980 875
981 36
981 431
981 437
981 563
981 930
982 123
983 152
983 457
983 554
983 674
983 793
984 49
984 120
984 400
985 42
985 65
985 91
985 149
985 215
985 273
985 325
985 341
985 364
985 401
985 472
985 475
985 501
985 546
985 586
985 627
985 652
985 730
985 759
985 793
985 795
985 851
985 885
985 887
985 962
986 572
986 788
986 888
986 975
987 235
987 873
987 988
988 32
988 33
988 83
988 118
988 179
988 182
988 231
988 236
988 239
988 261
988 285
988 335
988 386
988 423
988 469
988 485
988 514
988 530
988 538
988 594
988 615
988 636
988 641
988 689
988 704
988 715
988 721
988 759
988 773
988 805
988 808
988 811
988 825
988 851
988 873
988 875
988 903
988 906
988 916
988 960
988 975
988 987
988 993
989 63
989 525
989 653
989 891
989 943
990 77
990 182
990 244
990 341
990 467
990 475
990 661
990 724
990 774
990 808
990 875
991 91
991 223
991 289
991 375
991 563
991 572
991 633
991 701
991 882
991 993
992 98
992 242
992 280
992 396
992 526
993 81
993 92
993 95
993 144
993 160
993 204
993 236
993 240
993 241
993 277
993 282
993 288
993 302
993 305
993 350
993 426
993 431
993 464
993 467
993 483
993 504
993 554
993 595
993 602
993 701
993 758
993 796
993 801
993 818
993 828
993 899
993 945
993 988
993 991
994 242
994 267
994 269
994 278
994 341
994 343
994 344
994 435
994 477
994 588
994 594
994 849
994 922
994 943
995 5
995 52
995 69
995 91
995 97
995 135
995 161
995 177
995 205
995 212
995 290
995 325
995 348
995 351
995 365
995 392
995 409
995 424
995 435
995 446
995 464
995 477
995 480
995 525
995 557
995 575
995 650
995 656
995 731
995 759
995 761
995 787
995 805
995 810
995 828
995 882
995 893
995 950
995 952
995 963
995 972
995 975
997 525
997 743
997 811
997 831
997 975
998 84
998 350
998 479
998 696
998 741
998 763
998 847
998 917
998 946
998 955
